82 51 81 14 37 17 78 92 64 15 8 86 89 8 87 77 66 10 15 12 100 25 92 47 21 78 20 63 13 49 41 36 41 79 16 87 87 69 3 76 80 60 100 49 70 59 72 8 38 71 45 97 71 14 76 54 81 4 59 46 39 29 92 3 49 22 53 99 59 52 74 31 92 43 42 23 44 9 82 47 7 40 12 9 3 55 37 85 46 22 84 52 98 41 21 77 63 17 62 91
64 43 30 13 58 19 33 57 8 14 65 85 5 68 44 1 85 51 68 7 100 47 9 49 78 79 39 87 77 67 69 62 55 24 87 42 37 73 85 81 60 26 5 38 40 84 42 47 52 90 43 84 16 75 64 45 35 38 46 48 49 27 49 88 10 49 5 7 53 3 91 25 74 34 87 83 17 50 48 61 40 93 48 60 9 50 68 89 82 63 26 40 87 16 95 50 27 53 57 31
3 64 89 61 21 41 46 86 83 28 49 98 34 82 47 63 71 65 58 60 34 11 35 67 53 91 98 31 9 4 10 98 50 52 97 31 6 75 62 37 86 97 82 7 85 59 18 98 54 26 96 70 75 71 22 14 57 18 61 71 5 7 76 20 54 40 86 1 84 80 51 20 62 69 88 22 57 83 51 48 3 40 96 28 1 14 2 51 94 68 19 90 1 21 31 82 55 90 97 86
71 1 22 1 68 69 60 41 18 63 9 9 61 36 13 92 24 64 59 88 76 61 1 100 75 66 8 55 65 32 37 82 67 25 30 62 78 32 85 83 72 74 24 14 40 71 68 56 53 74 42 85 27 5 17 42 14 30 93 19 37 61 38 62 24 100 39 82 7 26 95 93 16 16 92 34 1 18 87 11 39 59 90 48 80 69 50 63 51 38 68 78 38 14 68 17 87 58 74 5
44 19 71 41 81 25 74 73 54 52 40 22 55 51 55 55 18 8 96 19 48 21 93 1 37 50 83 91 59 24 1 91 15 95 96 41 83 65 93 83 33 18 74 72 63 30 33 57 61 94 27 63 43 31 90 11 32 97 72 32 44 65 42 93 70 55 18 24 7 93 89 5 89 10 49 68 85 80 64 19 54 99 76 58 91 64 37 40 65 35 18 61 50 9 20 34 11 34 1 39
68 36 15 13 3 30 86 61 40 42 69 39 67 4 10 72 85 25 41 40 47 24 61 100 50 24 100 10 22 88 74 92 82 10 93 5 29 1 8 60 72 75 99 3 74 72 5 85 39 80 99 64 2 13 90 92 51 35 80 82 9 42 63 77 57 43 21 97 69 8 43 67 54 71 59 70 79 51 69 89 39 91 57 87 39 45 80 50 21 97 10 60 54 67 43 73 41 44 22 15
70 5 35 1 1 95 7 56 48 89 51 29 80 34 81 85 44 16 51 39 21 22 13 86 60 51 79 93 67 92 69 53 77 34 65 38 85 10 49 62 7 71 34 24 19 31 22 27 67 95 35 92 9 82 38 60 16 34 56 83 78 7 65 54 72 10 48 82 6 60 92 79 99 24 50 66 70 76 80 3 64 80 52 32 3 34 99 56 84 9 87 17 90 22 86 58 89 34 68 86
13 97 52 71 4 56 72 48 71 96 96 47 37 29 83 36 98 33 86 16 62 74 15 74 96 39 44 70 87 72 57 97 16 73 98 62 50 32 58 48 33 99 37 54 56 78 79 10 71 19 2 11 89 99 73 75 95 96 7 85 7 2 88 27 2 13 24 21 58 66 2 72 16 34 7 33 72 17 56 92 77 16 60 89 26 68 55 66 67 65 36 23 8 47 32 24 12 100 32 23
55 40 11 32 77 52 26 58 49 92 95 85 95 21 94 94 71 31 79 97 16 36 10 80 65 55 85 29 31 50 2 36 29 57 14 26 35 37 87 75 60 10 62 9 40 29 34 43 98 2 100 71 26 23 1 100 81 23 47 85 84 60 64 12 89 6 9 24 22 1 25 19 60 47 67 5 9 72 11 79 30 48 58 69 66 37 37 20 21 74 75 32 26 53 48 24 10 45 74 57
90 61 32 99 37 64 14 4 96 30 14 46 79 29 26 53 35 94 63 75 39 52 36 59 22 57 33 11 88 40 28 25 76 8 16 85 7 47 33 78 44 64 97 85 66 46 91 21 81 14 10 41 10 85 98 84 90 8 75 49 95 98 28 17 11 38 90 15 34 74 90 3 53 97 62 14 30 46 25 8 89 54 10 91 2 94 53 45 12 78 71 90 27 44 33 19 95 31 12 96
95 88 48 19 15 21 12 19 99 17 96 34 78 13 60 96 23 78 42 85 23 8 7 19 45 9 26 37 56 52 88 65 21 30 7 71 83 28 12 80 17 11 48 84 28 83 62 52 74 25 44 49 79 25 93 86 60 52 6 71 19 19 98 64 21 51 68 86 80 11 48 55 89 17 62 93 11 93 78 11 30 59 99 24 17 21 41 45 32 4 98 3 63 70 100 27 85 15 85 77
38 5 78 54 6 13 97 9 7 25 12 29 59 21 99 10 44 53 45 40 94 54 100 99 68 45 44 89 43 38 80 94 78 18 25 96 16 37 90 100 37 9 6 27 53 38 81 79 60 40 23 73 4 100 11 66 2 26 25 59 6 48 60 55 82 14 58 49 99 37 47 35 64 4 82 96 81 30 8 7 1 38 50 26 32 41 27 80 54 87 12 92 90 10 86 55 92 6 83 61
16 99 26 29 72 87 59 61 50 33 24 15 96 95 54 42 49 25 40 2 47 15 11 39 48 59 21 26 83 73 38 33 98 69 26 94 90 52 85 64 80 56 25 94 63 15 80 50 52 24 91 98 1 71 72 47 78 43 53 29 32 39 27 100 73 38 15 46 45 25 12 67 47 34 40 28 40 47 39 60 40 51 91 18 32 97 50 25 19 75 98 51 21 100 12 26 77 78 74 62
49 82 13 13 24 67 19 1 27 66 23 46 57 5 44 46 49 15 69 63 32 21 72 40 76 49 39 20 47 90 54 65 70 53 51 42 2 15 37 94 6 40 40 7 27 14 14 8 7 36 6 7 42 51 56 52 13 85 98 92 9 13 83 83 84 76 66 39 29 55 67 74 3 78 26 63 42 46 90 38 42 76 8 12 54 17 1 40 22 8 28 40 65 79 85 52 100 46 43 38
61 53 51 93 85 23 38 7 51 6 19 75 94 40 11 43 63 65 51 66 85 2 14 96 59 28 4 25 49 31 84 73 51 20 47 76 53 39 71 34 9 61 81 39 80 43 71 98 89 85 75 96 69 28 22 22 41 77 9 73 79 79 43 72 30 29 29 17 81 82 17 16 24 19 49 58 67 81 89 32 85 72 92 18 30 73 38 28 37 64 43 88 71 39 8 41 18 78 77 66
47 40 97 49 25 32 33 5 87 18 32 61 82 10 5 58 52 57 9 97 70 27 83 38 100 54 61 78 32 69 37 66 14 10 62 18 22 61 27 91 76 43 28 61 48 100 81 38 92 52 84 61 29 50 67 52 10 48 96 58 98 8 91 30 6 19 40 90 57 45 30 24 47 94 73 37 19 72 77 81 41 19 85 88 80 91 57 25 5 26 92 85 66 55 6 8 16 71 95 89
94 72 75 37 43 70 48 36 76 64 15 63 63 25 91 15 1 24 32 13 41 42 25 84 67 84 87 86 3 99 63 71 43 19 52 5 88 80 43 62 33 31 70 93 31 66 58 61 71 72 44 8 51 50 75 50 38 13 84 80 83 22 61 81 30 100 79 84 90 69 64 31 48 6 66 42 27 62 90 98 23 99 98 11 62 69 39 91 69 29 99 20 76 4 84 5 62 33 56 18
38 10 47 36 5 84 100 42 85 78 40 67 95 38 73 21 2 92 92 3 86 73 99 80 3 69 52 34 47 25 13 19 35 42 2 16 38 89 42 85 40 77 71 54 37 92 97 66 12 90 82 26 60 79 29 71 34 41 66 65 69 93 4 88 69 30 75 35 73 13 58 64 21 35 67 61 12 97 66 42 59 95 86 93 52 13 59 13 55 53 33 31 21 27 92 36 100 76 33 89
1 92 76 66 42 92 4 40 40 29 84 14 99 55 98 11 72 22 75 98 66 56 5 77 98 33 77 55 73 62 89 63 54 99 86 59 29 33 23 33 50 76 52 85 88 14 36 80 22 31 100 27 61 59 82 10 76 50 3 94 35 3 53 80 85 21 2 19 98 25 51 34 1 19 29 27 42 1 55 25 86 34 67 59 46 52 89 91 52 43 75 12 10 95 59 80 29 62 55 82
87 100 16 54 61 21 92 68 98 99 12 41 50 81 86 54 24 53 4 2 100 19 88 37 6 79 14 63 58 23 13 5 30 46 50 97 58 67 43 1 83 88 46 96 80 95 79 24 51 65 69 77 42 57 6 21 84 10 50 10 88 90 64 55 38 88 26 27 65 55 84 41 37 96 69 26 98 97 69 42 16 28 32 83 54 84 21 36 15 24 20 12 3 45 37 77 55 41 91 81
61 7 34 4 89 56 93 88 87 37 37 15 86 7 91 1 74 29 50 79 63 69 31 41 8 100 75 77 57 29 85 58 46 70 41 2 86 31 22 64 32 17 5 75 97 36 36 89 84 62 16 13 32 34 39 65 38 61 78 29 49 100 36 6 16 56 2 80 72 49 57 44 59 96 11 71 37 45 78 9 79 74 7 2 91 22 80 69 69 34 27 8 94 43 1 78 80 50 64 49
43 87 93 20 59 62 42 5 27 10 53 44 31 77 27 79 43 1 11 72 10 2 89 38 80 13 3 8 85 95 79 61 67 11 58 38 36 16 82 15 46 73 78 26 80 51 49 31 24 83 43 38 64 17 100 60 47 6 54 94 7 91 79 16 25 83 36 16 90 93 88 40 98 96 39 40 35 65 76 66 50 13 76 28 99 3 8 89 4 70 34 96 6 94 60 95 76 11 84 93
70 73 51 37 75 86 38 33 71 42 16 68 74 93 78 68 43 85 81 65 22 58 36 4 87 36 3 81 64 73 93 77 23 52 55 80 66 19 67 5 32 6 78 81 71 97 58 60 81 6 44 92 97 17 19 72 80 50 23 78 70 83 87 25 29 59 48 31 53 12 44 24 67 21 16 26 73 53 98 71 51 38 24 63 70 59 19 39 56 23 25 62 93 28 59 59 48 73 15 78
54 83 43 7 27 20 96 14 60 35 72 22 59 50 25 80 59 32 4 29 4 96 23 26 85 80 91 82 29 86 79 19 45 14 71 45 20 78 45 49 61 37 68 27 13 25 16 97 70 97 79 90 9 23 15 41 30 3 33 83 59 38 76 28 12 21 4 18 78 27 4 88 27 50 76 4 27 43 59 58 83 57 79 75 48 78 100 31 56 90 29 55 10 98 86 68 97 74 95 26
65 35 11 57 30 46 30 76 83 36 4 93 88 52 32 87 20 52 58 36 8 44 73 63 2 5 26 43 35 19 23 2 54 11 76 86 10 70 29 68 56 40 91 8 39 34 54 58 30 45 18 1 81 65 11 26 68 63 79 29 6 79 100 100 8 18 83 83 56 53 90 2 86 92 98 38 19 80 6 41 28 10 27 29 91 61 2 60 15 24 9 79 71 70 54 23 31 88 86 94
39 15 15 72 26 59 63 75 96 21 71 2 32 37 37 84 91 85 74 22 51 53 44 36 89 97 53 60 100 50 99 65 95 4 66 89 27 25 13 76 70 49 77 83 93 49 20 58 55 16 87 79 100 5 49 40 28 98 98 100 77 74 21 19 84 1 66 26 5 23 64 44 14 44 84 59 88 43 37 92 1 42 78 19 83 20 43 19 12 79 64 96 12 18 80 56 31 73 43 53
96 59 5 75 95 27 57 15 47 48 66 92 41 88 90 78 79 34 62 70 82 68 15 15 72 65 28 49 27 8 82 92 72 87 22 17 93 29 63 90 52 17 25 85 73 44 91 80 52 72 58 44 85 19 64 82 98 92 86 4 24 98 18 94 62 83 77 19 56 70 26 100 62 17 14 52 23 16 34 98 67 96 72 5 21 70 94 67 37 65 45 47 94 60 3 88 29 73 26 11
25 22 74 93 37 52 75 31 74 64 25 19 58 1 55 98 14 68 17 80 33 70 49 86 82 20 13 72 10 67 79 32 19 26 20 65 14 51 66 72 58 82 38 88 7 28 83 9 76 5 61 88 30 22 86 51 71 32 37 16 31 12 98 55 62 61 99 33 84 57 70 6 16 56 49 95 61 98 4 60 20 86 34 8 80 86 93 60 21 100 74 40 2 8 46 65 63 67 51 44
19 66 83 58 26 17 44 82 49 60 71 6 25 65 89 22 28 25 21 24 96 10 80 2 46 83 59 43 56 53 53 62 11 38 78 66 66 37 65 76 61 1 15 44 52 44 9 40 65 74 66 19 25 60 59 56 79 58 69 92 79 45 27 20 21 10 70 24 40 72 79 69 7 18 64 4 31 15 42 81 11 20 69 62 71 93 12 52 94 16 93 33 63 57 3 92 92 8 23 74
58 51 70 66 38 69 10 88 20 96 65 65 99 4 48 63 82 14 93 41 53 69 22 28 93 100 24 64 32 18 29 56 54 97 90 9 99 76 94 56 82 69 13 65 75 32 37 92 86 57 4 40 74 62 80 31 52 7 39 67 89 52 17 4 67 70 16 32 48 14 86 18 53 13 14 8 93 87 15 8 72 28 33 11 13 82 96 5 76 32 46 14 96 60 33 64 41 47 67 75
47 16 93 52 94 16 8 30 21 21 23 12 99 70 58 9 32 25 81 74 89 9 39 72 52 96 43 35 73 78 39 28 12 56 48 29 84 79 72 87 65 22 19 63 35 15 17 86 77 43 51 15 43 81 5 25 61 27 43 10 85 25 37 73 93 16 61 1 35 52 100 64 19 27 1 21 84 36 53 38 11 56 90 35 7 57 25 5 39 25 91 3 11 39 79 73 48 55 86 96
63 73 22 84 30 63 12 6 79 4 47 58 38 77 82 38 48 23 21 56 19 15 17 76 83 41 63 92 67 2 86 23 97 86 90 99 30 10 45 66 11 23 25 13 19 45 8 64 34 77 99 63 99 56 60 24 47 90 56 19 9 35 62 21 47 41 54 85 43 80 63 54 84 37 85 15 25 4 95 57 57 46 58 45 62 24 28 52 33 85 79 41 87 96 87 30 56 24 44 75
26 74 65 69 58 7 34 36 72 19 43 2 90 7 59 10 85 7 38 54 12 65 35 78 95 16 94 74 81 22 3 99 70 99 50 3 70 63 16 57 84 60 33 30 64 30 20 35 90 54 77 4 8 31 76 66 52 59 98 98 27 83 87 100 87 63 71 65 39 12 72 33 18 65 59 78 99 41 91 90 7 91 81 65 98 97 82 49 98 62 100 89 3 84 85 79 42 14 94 46
5 95 93 56 8 34 79 80 88 51 43 77 86 8 82 82 80 30 29 8 53 68 42 67 36 99 51 93 5 13 18 10 8 5 3 70 56 13 61 54 93 41 81 91 11 1 37 93 60 82 78 22 90 29 10 53 39 22 71 19 18 19 19 5 9 7 94 68 18 72 59 71 12 41 55 17 56 8 100 84 22 57 84 19 40 21 19 17 58 1 29 32 21 44 85 83 39 84 43 73
80 18 7 43 68 69 43 38 43 11 21 98 60 8 91 8 7 37 34 97 63 86 71 1 40 97 17 85 10 33 17 73 96 71 48 95 58 92 24 86 51 49 36 64 32 38 11 76 3 28 73 72 81 23 95 24 81 56 22 30 78 64 100 48 77 43 22 90 5 59 3 89 61 26 79 96 25 75 93 43 13 98 14 55 36 79 44 95 91 71 32 90 76 23 76 55 11 23 14 80
24 28 6 75 23 91 60 92 91 96 48 85 40 51 44 37 1 50 74 33 26 25 11 78 19 57 30 9 87 42 82 21 54 85 19 81 39 99 34 23 7 63 36 43 64 60 12 81 95 33 94 55 46 15 76 65 3 74 24 30 68 88 92 42 76 93 61 6 92 42 97 38 71 78 66 27 29 72 16 42 18 39 66 23 12 23 34 3 36 67 92 78 2 26 84 65 28 65 1 54
55 76 98 3 49 16 36 47 44 91 22 9 82 32 32 79 75 23 13 12 47 39 74 18 77 55 100 64 61 35 9 46 14 61 48 92 17 90 64 75 28 57 5 84 60 56 8 62 87 94 22 36 83 54 76 1 85 7 82 47 83 41 95 20 55 42 11 52 21 19 90 33 45 11 90 50 2 23 96 44 41 21 23 80 16 4 60 35 35 30 45 20 22 10 98 78 21 10 11 12
79 15 60 71 35 64 75 23 87 34 78 18 76 99 22 23 10 38 29 89 58 4 41 29 59 59 19 47 88 42 49 70 30 30 72 44 27 16 10 63 48 72 65 15 4 95 46 17 14 75 16 57 30 58 58 37 9 2 1 72 93 52 51 12 38 100 25 72 24 51 54 67 86 57 85 7 77 40 44 31 35 59 59 17 28 87 45 36 68 61 63 36 87 98 79 1 24 74 71 60
70 14 32 58 62 6 75 90 47 35 34 91 73 58 36 68 95 67 73 71 73 11 4 87 30 63 85 58 66 23 62 90 30 75 38 76 39 70 98 17 87 38 38 3 28 21 90 27 91 27 90 13 14 61 89 25 98 91 47 21 78 31 63 9 26 53 94 65 50 21 98 55 76 92 60 31 85 58 93 20 40 57 45 6 97 37 28 54 76 59 87 52 88 58 61 66 4 93 83 10
33 27 51 64 26 17 38 73 47 75 58 1 59 7 5 10 21 37 51 47 3 58 60 50 38 37 36 62 87 77 1 34 46 40 97 88 46 69 2 63 54 36 52 65 26 17 78 14 71 36 25 59 23 48 90 16 26 43 65 10 52 43 41 33 68 85 33 96 82 49 19 32 98 15 99 21 35 77 48 97 1 87 7 62 100 9 26 8 31 16 26 81 45 33 50 100 51 41 74 18
24 84 89 52 68 46 99 23 50 61 3 83 57 32 23 5 23 49 51 68 93 45 5 43 12 91 84 97 88 32 24 65 35 34 100 28 3 64 65 1 37 76 32 4 87 85 11 70 23 25 81 7 45 44 94 1 64 35 51 74 2 95 68 50 72 95 49 10 87 21 100 46 66 46 14 68 45 97 14 39 80 36 60 9 29 55 91 34 18 91 48 26 61 81 1 2 30 48 15 24
40 46 76 19 16 63 29 48 57 57 49 47 70 39 25 43 47 42 26 2 92 54 6 34 29 66 63 78 69 40 2 66 23 94 61 30 71 56 62 79 98 55 22 95 18 48 70 8 63 87 26 21 52 73 1 13 27 54 26 41 13 63 86 26 35 81 40 45 84 52 83 98 4 89 12 30 86 81 9 52 15 48 79 39 6 14 49 14 17 5 82 64 94 69 4 62 84 27 15 75
30 67 58 59 11 94 3 12 84 77 78 7 81 24 45 73 88 27 47 68 41 8 80 61 33 63 67 5 2 73 60 97 57 86 95 32 84 3 55 85 64 28 51 54 32 35 73 74 80 67 42 68 55 34 35 34 13 84 75 31 58 66 39 17 93 52 24 4 6 50 65 9 84 43 58 68 68 53 78 79 89 95 94 28 77 39 55 78 22 92 92 41 7 78 94 49 54 97 59 83
5 21 44 65 94 21 42 77 82 35 92 6 79 57 59 71 17 20 85 34 69 44 23 93 73 49 55 17 97 41 39 14 50 15 48 24 89 66 75 69 72 96 88 41 14 39 26 57 42 24 68 56 92 22 95 89 100 4 49 91 9 100 80 56 35 61 37 54 74 14 46 53 72 100 92 99 51 64 62 10 81 59 80 58 93 44 28 13 45 49 33 65 59 35 3 73 30 61 76 88
7 85 62 28 82 60 74 48 29 49 55 99 56 97 89 63 20 25 67 27 31 86 13 37 77 13 46 81 34 45 24 24 42 84 27 38 56 10 45 41 56 24 41 31 57 58 68 55 67 14 78 5 18 31 15 62 29 66 11 49 40 100 1 16 50 98 57 19 80 44 66 60 44 99 53 78 11 19 11 71 68 41 35 10 54 70 14 85 58 59 62 23 26 59 83 95 84 15 41 60
29 25 4 31 98 29 66 76 74 59 84 38 46 76 57 22 52 37 46 80 32 94 89 97 66 96 99 74 94 96 9 12 75 90 79 6 57 70 84 70 31 74 3 12 21 34 1 85 35 11 92 10 76 69 66 31 60 33 84 52 70 60 87 15 15 97 15 99 41 55 71 31 73 57 90 17 37 76 69 28 87 85 15 95 48 96 76 99 22 9 90 89 19 91 79 45 3 16 64 48
38 71 60 15 20 63 83 10 39 73 3 18 52 45 47 75 42 53 19 95 34 45 77 17 17 45 59 55 37 59 87 20 33 86 74 11 64 44 65 26 86 80 39 83 55 25 40 91 66 26 63 70 87 31 34 92 97 51 53 68 49 56 59 87 1 8 25 81 42 40 44 49 30 24 3 60 15 72 27 66 90 58 25 16 25 73 4 39 58 67 64 76 37 69 12 78 86 22 97 67
8 31 97 7 88 90 13 32 12 78 19 48 44 17 76 78 44 34 63 57 20 59 48 91 31 69 74 40 8 91 71 28 64 90 86 25 10 24 12 39 86 40 36 25 63 87 44 27 81 55 31 62 95 11 94 66 94 28 46 93 16 99 65 53 10 12 29 41 58 73 100 89 38 37 78 22 71 93 98 51 55 50 45 39 100 13 45 32 38 30 23 97 69 66 38 37 12 85 70 50
32 81 69 58 63 45 38 82 41 74 81 34 6 57 56 30 34 47 53 61 40 84 81 20 87 9 7 8 64 82 47 13 42 4 32 11 21 48 66 25 4 74 81 21 10 99 52 5 89 64 54 97 34 73 1 51 11 83 62 82 37 2 70 59 6 55 88 43 16 99 84 19 36 74 42 42 40 57 73 67 85 8 17 61 6 45 69 49 27 32 73 59 31 53 2 13 3 93 37 98
13 100 72 33 57 77 44 100 15 5 20 29 47 76 44 92 60 13 43 58 5 76 22 72 3 95 83 74 85 18 19 57 63 10 28 58 39 18 76 100 75 77 40 46 90 27 34 38 38 47 27 67 44 88 53 76 72 12 2 3 16 30 91 87 82 86 10 6 59 56 5 51 17 48 1 10 30 41 88 59 26 65 83 23 57 51 12 95 82 73 18 94 89 66 20 72 26 93 81 5
64 52 43 22 47 7 67 85 15 14 15 44 27 78 45 62 86 69 81 5 61 61 31 45 35 17 46 96 84 40 58 80 75 36 59 68 79 24 15 23 6 19 28 36 61 99 76 84 33 86 87 63 66 5 13 43 18 15 14 63 71 30 99 34 14 59 87 58 93 17 4 41 69 34 82 43 17 95 84 2 13 51 27 80 40 23 56 85 55 68 62 26 23 52 54 27 23 89 13 86
39 85 22 14 51 73 73 37 77 98 49 90 43 74 59 24 31 57 45 33 49 37 16 88 16 52 50 59 61 3 77 62 3 49 77 78 85 92 14 67 79 72 16 98 61 66 25 76 15 98 51 69 20 33 67 93 83 12 99 55 80 59 69 41 72 7 14 90 80 97 72 64 22 85 32 22 13 88 84 6 33 30 54 72 56 76 56 70 39 47 94 90 65 43 83 91 62 5 88 56
97 38 35 24 51 50 17 32 74 97 77 56 87 98 75 10 57 99 29 21 32 45 90 100 78 46 78 61 33 6 79 82 51 50 31 79 69 22 60 2 93 50 18 45 39 36 9 96 100 64 72 76 66 23 59 85 98 5 98 98 46 75 31 15 59 13 57 34 80 53 63 91 13 42 77 66 9 58 24 77 88 61 8 15 54 72 89 58 50 3 4 62 44 63 65 68 39 92 40 36
16 31 100 67 73 10 69 61 63 44 80 17 77 13 18 12 7 12 17 70 15 68 66 1 55 17 80 72 45 70 44 5 37 21 67 7 52 28 91 16 79 12 89 68 92 57 17 85 85 71 78 77 82 64 58 4 27 64 68 15 12 51 65 77 100 2 6 89 19 6 81 11 100 92 92 35 87 19 72 9 64 6 72 56 98 55 60 53 85 41 22 93 69 23 51 89 100 34 35 67
84 67 81 80 50 83 24 5 92 69 66 64 37 96 47 1 87 6 82 14 92 50 56 86 70 99 39 88 33 54 13 77 22 28 50 97 22 97 69 30 58 27 88 83 7 25 96 10 58 16 22 95 76 97 68 55 89 77 8 10 12 72 76 77 81 71 25 57 43 43 88 26 74 79 52 84 90 49 85 2 58 97 91 34 54 29 33 47 9 11 31 99 60 78 60 93 65 2 24 68
9 79 20 6 75 19 17 53 34 21 56 66 31 90 49 33 84 43 32 82 14 61 86 24 17 52 78 8 23 84 25 58 40 43 25 40 77 17 95 34 100 55 29 20 21 45 88 39 36 13 23 77 1 25 67 83 15 20 89 74 90 18 43 64 29 95 63 11 48 16 10 21 39 97 66 50 5 32 5 24 21 25 76 98 13 61 21 75 42 40 41 64 66 30 74 5 19 45 11 44
52 65 91 92 23 83 37 83 5 51 19 89 100 94 2 47 2 44 44 1 11 99 51 77 63 46 91 29 82 91 43 16 62 34 73 30 48 11 61 44 7 52 46 5 48 33 98 99 40 50 29 51 49 85 21 97 30 65 33 12 66 64 17 8 1 18 16 71 15 63 15 63 95 57 27 20 25 96 66 31 4 80 31 19 60 42 17 20 94 99 92 91 67 32 5 79 69 1 76 48
15 30 69 14 47 41 13 78 95 65 56 70 29 53 82 4 1 59 34 74 19 53 8 69 38 92 65 2 51 95 6 31 44 32 37 84 97 8 60 72 46 3 91 24 63 97 86 79 59 99 97 88 53 50 10 38 50 14 51 59 77 93 9 2 18 6 6 94 88 7 56 16 51 23 52 45 90 24 59 62 2 22 93 69 5 70 21 11 24 24 90 84 5 2 25 25 74 99 20 90
80 84 61 12 37 7 5 21 3 30 34 95 22 60 34 18 90 49 69 6 94 30 22 68 15 74 31 22 11 3 36 2 86 25 20 44 12 9 72 9 41 28 34 4 79 2 20 53 80 76 86 25 22 10 16 60 29 25 93 39 37 26 69 38 77 53 8 46 52 12 28 12 28 17 60 25 74 47 39 84 11 98 69 67 67 86 94 82 77 52 13 99 80 25 27 20 77 49 1 100
18 89 78 54 40 66 82 64 58 71 24 66 28 95 97 17 77 5 74 88 58 18 82 30 69 99 70 70 70 76 84 89 89 26 28 40 34 89 10 51 91 91 62 51 14 47 82 17 45 35 20 17 80 59 45 44 3 68 7 34 8 54 75 45 77 17 16 92 8 100 23 93 38 65 29 96 61 39 4 89 62 61 98 65 7 91 60 14 86 44 5 31 40 55 96 9 63 21 21 96
25 94 77 79 46 67 37 27 98 62 52 45 4 17 34 25 32 51 37 23 14 32 32 90 13 83 3 52 45 47 44 39 50 95 69 31 75 1 3 94 71 12 73 83 19 81 71 92 14 66 36 87 16 78 44 17 59 59 26 10 29 33 67 26 1 60 74 15 13 89 78 49 50 25 47 37 96 5 5 42 9 72 39 27 55 80 34 3 91 58 63 47 26 94 4 76 72 32 84 50
24 49 38 18 54 90 38 70 1 63 97 87 78 6 48 62 7 38 84 48 84 84 77 100 89 50 94 77 97 3 67 65 61 8 72 71 84 98 11 18 61 93 49 88 63 58 42 80 40 54 92 100 18 34 12 48 49 81 82 45 44 85 79 70 75 38 54 31 90 37 77 9 97 30 19 32 46 54 81 89 35 86 34 24 93 66 37 51 21 80 98 20 39 86 61 71 82 63 30 74
38 31 16 24 22 2 47 3 35 25 85 65 14 93 72 83 34 30 54 5 88 26 72 55 88 7 16 83 3 4 44 33 43 9 72 10 9 62 55 81 48 52 91 21 96 96 40 21 63 14 49 54 39 47 59 1 38 47 37 63 1 4 42 91 54 33 62 87 41 60 89 51 95 9 86 12 6 13 21 14 22 56 81 27 32 11 16 22 2 6 30 21 76 3 62 56 5 50 21 99
83 6 68 51 95 14 94 6 62 54 80 23 23 34 55 55 66 87 54 51 22 1 17 99 52 66 31 76 70 69 69 75 45 44 100 52 80 27 99 68 10 18 71 75 20 55 66 27 89 10 80 10 44 59 17 64 81 83 17 27 92 64 70 38 5 48 86 91 2 2 78 61 13 1 72 30 3 99 62 85 1 8 37 49 79 32 38 33 40 12 44 62 20 97 17 76 50 24 29 61
94 85 10 25 8 8 86 100 19 19 79 31 59 37 14 47 79 40 69 92 44 88 17 4 41 90 16 62 16 59 49 67 55 15 19 88 33 66 21 74 12 69 97 12 22 70 93 25 53 72 1 79 5 92 63 13 18 51 14 46 72 13 34 32 29 8 49 66 66 59 98 27 7 63 5 44 70 50 8 62 32 62 54 77 96 79 38 90 34 26 20 18 49 63 64 69 69 84 85 100
62 83 72 51 95 92 86 40 20 29 26 34 100 88 100 3 64 56 7 46 58 5 48 53 63 79 64 32 50 12 70 81 70 39 15 86 40 17 8 59 14 91 44 57 77 18 59 7 33 34 88 97 4 55 88 20 66 31 45 43 84 43 68 73 20 65 47 13 70 1 80 65 30 25 52 35 4 58 44 63 83 98 75 43 99 41 75 1 55 59 87 1 51 85 16 81 90 20 17 3
85 84 13 2 79 54 69 93 68 14 86 6 90 10 56 41 27 89 18 14 48 93 11 59 39 30 44 72 27 17 84 12 14 70 47 35 58 58 31 90 89 65 78 65 47 81 93 33 96 9 22 31 27 63 48 63 89 75 82 94 52 61 80 48 88 51 46 70 61 77 34 46 3 7 26 62 81 95 52 37 63 92 76 14 44 76 18 87 44 31 33 79 91 57 85 24 4 36 98 13
2 16 91 50 51 73 36 75 96 80 80 57 95 31 11 53 33 20 65 66 88 78 66 55 78 88 96 59 16 80 8 80 77 22 89 52 88 90 47 7 53 81 33 35 48 40 32 23 44 44 29 8 46 24 75 47 44 71 59 1 2 55 83 1 36 79 88 18 26 18 19 83 83 17 35 89 54 9 61 56 24 87 47 14 52 10 10 34 66 72 28 94 69 66 15 38 25 43 92 11
85 21 13 73 82 64 71 90 10 21 64 84 6 1 54 55 24 15 63 100 30 37 59 91 57 87 33 94 55 95 38 52 42 84 36 83 70 95 56 90 47 37 96 44 12 46 95 27 65 11 96 6 22 33 2 35 67 32 63 73 98 94 17 40 4 65 64 36 83 72 2 62 37 87 54 23 36 82 44 46 68 51 27 14 13 48 31 86 61 13 7 80 62 76 61 31 79 10 93 85
42 9 30 12 52 45 60 5 53 54 87 21 24 13 67 58 44 91 29 69 74 8 33 74 80 5 78 33 31 91 75 24 14 25 2 34 81 6 16 14 63 49 39 43 5 71 84 22 25 89 65 34 95 59 63 3 63 86 57 66 41 38 23 63 3 21 56 56 27 14 41 83 75 39 48 20 91 24 26 8 70 94 17 59 1 45 51 15 27 62 25 27 99 65 24 61 6 68 15 12
46 50 68 39 60 17 3 32 62 45 74 30 2 22 87 91 85 54 40 83 9 97 90 79 3 35 55 66 14 78 60 80 38 61 27 94 38 94 6 92 83 12 63 11 58 74 46 59 18 54 46 90 43 7 60 30 41 16 38 27 27 51 74 83 20 87 20 73 41 18 87 2 57 95 81 87 76 45 82 61 88 54 62 72 99 9 56 45 71 41 83 15 37 19 93 85 15 68 86 78
34 81 18 93 28 25 48 95 2 31 16 59 84 21 54 53 20 90 21 50 35 61 37 34 64 55 85 27 71 45 66 59 87 15 49 74 17 43 13 29 35 36 99 12 21 47 52 49 59 98 47 43 52 92 4 20 65 62 42 88 49 69 18 95 2 41 86 14 82 3 35 75 28 25 55 1 87 93 3 65 10 89 46 15 23 14 29 38 43 48 37 72 55 32 20 43 47 30 16 26
65 23 22 57 27 40 52 16 50 54 68 4 87 48 91 83 90 64 11 43 70 77 45 99 15 10 91 10 16 86 63 49 38 51 95 41 50 63 3 39 47 38 54 75 62 74 17 70 95 60 42 87 43 74 42 85 28 92 44 59 47 34 24 20 79 37 48 33 92 74 35 97 100 5 57 16 49 75 48 44 45 96 6 62 77 86 97 31 51 65 49 89 11 73 57 29 66 39 87 16
2 71 24 67 71 47 73 45 14 99 28 13 9 72 16 53 76 29 16 72 78 1 44 29 84 79 36 62 26 96 47 50 78 96 34 51 92 77 34 41 84 75 94 1 77 38 6 7 36 44 65 52 11 100 28 57 91 96 41 74 63 44 29 84 46 100 46 23 73 14 81 72 27 78 61 41 95 16 2 68 33 69 87 64 85 35 61 44 91 28 22 2 53 23 15 56 33 99 30 86
12 66 5 11 19 40 81 52 26 65 68 4 32 94 83 3 13 41 44 18 40 56 69 76 17 6 31 28 64 86 37 65 52 42 30 57 49 85 90 70 58 57 10 28 88 71 24 69 77 90 24 51 62 63 97 94 18 4 52 71 1 80 28 47 69 88 81 78 72 38 5 80 76 53 78 43 17 2 61 50 15 18 17 88 98 53 78 91 4 29 75 30 2 57 48 95 88 66 41 86
96 18 17 68 31 12 59 1 72 21 41 91 34 18 35 8 43 67 5 31 80 37 55 48 57 29 10 68 40 32 82 58 61 69 38 40 11 66 73 34 4 7 33 6 91 64 91 47 65 96 9 35 60 45 71 81 34 73 69 55 33 32 72 100 76 11 64 19 8 47 41 55 33 16 87 1 41 55 64 25 68 48 38 62 30 48 18 5 35 40 34 74 51 80 31 54 44 65 28 82
63 87 42 31 71 4 22 68 35 96 2 59 69 31 100 48 42 42 97 36 26 94 7 36 38 79 84 56 65 70 85 12 51 71 4 22 98 24 70 13 92 88 53 84 38 93 63 41 70 19 42 15 50 39 62 89 11 49 14 92 84 14 23 45 8 30 47 92 71 43 51 46 77 92 50 88 1 91 4 94 32 76 96 89 92 76 34 25 61 6 1 68 87 33 58 29 74 93 76 70
33 97 90 2 16 23 20 100 86 32 10 58 67 56 71 18 38 51 7 45 16 27 90 71 72 76 35 60 50 62 21 71 68 31 90 21 16 82 47 2 55 12 1 21 67 19 95 7 10 14 26 32 65 95 47 57 39 62 57 7 91 55 48 35 85 11 95 28 37 11 7 100 90 16 86 51 88 90 69 75 39 81 58 66 43 10 54 55 50 11 8 25 1 47 81 86 11 47 18 30
63 52 69 89 74 87 12 77 83 27 100 46 6 78 83 19 50 53 47 4 67 19 72 50 12 58 18 57 90 10 41 83 39 72 8 30 83 77 95 93 15 12 44 64 9 99 41 68 74 15 60 64 9 47 10 63 97 73 37 63 58 17 78 75 60 68 32 42 22 94 87 90 8 8 25 9 38 59 9 52 20 40 19 19 12 74 81 14 14 79 73 64 47 27 69 22 46 50 81 28
14 94 8 73 43 28 44 78 28 51 66 99 10 32 11 62 16 96 5 73 98 88 18 24 98 27 48 77 53 56 48 39 43 22 35 15 35 14 80 62 32 81 44 13 46 95 28 43 18 45 47 67 42 56 5 32 62 20 21 7 50 29 64 76 57 45 51 65 71 76 9 69 16 91 19 95 68 94 15 37 73 62 5 21 95 67 41 47 31 59 71 64 40 82 85 5 89 7 24 62
86 49 88 64 70 72 72 48 18 96 54 49 97 42 17 90 18 78 30 29 86 26 78 37 67 81 79 85 10 33 23 31 85 86 95 2 69 20 1 44 82 17 35 60 94 33 74 14 54 68 52 38 9 16 66 81 51 16 99 56 56 78 3 78 94 89 96 47 26 44 5 19 31 66 9 83 9 87 29 69 92 34 92 51 18 77 16 56 33 94 20 22 55 90 76 89 52 80 14 59
83 15 89 50 41 37 41 25 77 73 20 23 86 66 64 75 25 73 23 58 76 71 42 88 39 85 90 87 3 71 10 62 58 89 22 80 93 32 66 99 14 62 41 37 66 42 62 2 56 29 63 39 48 96 85 69 89 51 86 29 40 20 82 69 82 94 89 17 70 79 92 75 21 38 19 22 55 93 66 44 13 24 17 80 77 8 74 89 92 13 86 37 9 65 48 19 16 59 77 89
48 24 39 7 88 21 19 42 98 91 70 50 71 2 79 68 100 15 11 52 33 70 72 49 52 65 83 16 18 94 15 17 67 13 87 38 13 88 11 78 37 65 60 7 10 68 35 100 64 17 71 91 26 74 8 12 40 32 96 25 46 30 85 84 79 65 29 68 71 70 61 24 86 85 99 7 27 32 92 22 85 87 23 57 33 58 12 78 74 46 66 36 59 76 17 6 77 80 4 42
87 35 16 82 56 2 71 58 96 92 63 92 56 4 29 58 65 61 78 8 69 80 84 11 26 33 58 43 96 58 4 71 20 43 5 91 11 45 89 69 19 87 91 57 27 100 67 87 54 7 41 53 73 89 17 14 37 70 88 72 41 64 6 95 74 39 54 68 68 99 96 47 56 58 100 65 40 55 63 86 61 52 29 21 42 77 62 63 54 86 80 96 94 17 1 42 97 74 5 52
94 73 52 24 9 92 6 97 26 46 61 69 37 41 75 88 12 60 29 76 32 2 61 59 73 57 28 100 57 96 37 43 1 26 33 24 24 25 77 35 26 44 71 87 86 8 29 3 72 63 97 60 52 40 71 98 93 49 70 98 75 37 15 29 93 74 92 4 24 89 82 25 54 21 39 21 56 43 5 73 29 53 70 23 92 66 30 11 82 52 36 27 70 6 97 38 35 94 35 86
13 40 52 99 12 21 56 42 40 6 71 14 55 46 92 22 2 67 35 36 53 54 76 64 34 38 21 11 30 13 8 33 100 63 47 31 19 89 3 78 65 3 17 58 15 22 96 95 25 87 65 100 92 63 69 71 95 1 70 55 42 31 91 78 79 33 52 43 28 80 2 37 95 12 1 2 55 74 37 96 18 63 24 56 41 43 63 10 26 99 1 82 23 88 82 15 40 50 25 42
49 2 35 7 82 4 90 28 33 85 71 69 31 46 4 54 32 27 3 56 74 57 28 57 42 9 55 54 39 34 32 96 32 19 77 13 26 55 24 3 73 99 6 88 90 40 94 12 71 10 27 81 11 62 85 50 38 32 29 22 62 38 40 82 65 36 69 46 8 22 24 92 21 81 83 43 98 1 64 9 56 4 49 94 34 74 87 31 87 91 28 20 15 57 6 47 22 11 97 46
39 11 12 40 75 21 37 85 72 46 57 22 38 58 89 70 37 37 39 87 29 34 77 78 89 99 37 67 33 19 27 61 52 16 39 76 14 21 28 82 14 58 74 21 45 30 37 97 74 52 95 39 9 11 23 10 20 21 92 98 28 65 6 52 53 13 98 51 86 88 77 51 6 61 68 52 62 10 7 91 84 22 93 66 97 24 82 63 61 33 10 72 98 99 51 74 8 72 74 82
7 71 42 78 83 75 64 26 40 30 46 5 96 71 65 16 72 80 2 6 30 93 64 82 68 31 8 51 100 95 4 39 22 76 89 57 6 57 65 76 71 60 78 53 13 59 5 77 87 79 44 28 45 13 48 35 8 27 31 72 97 57 7 20 62 45 1 64 21 97 72 64 3 90 15 77 86 11 71 17 23 82 42 6 74 23 93 7 89 7 39 71 92 30 55 16 71 69 99 17
14 85 23 16 45 31 86 77 82 34 61 5 85 100 10 7 87 85 43 31 87 29 33 46 52 27 57 32 2 93 45 30 72 93 56 83 95 43 62 43 66 76 66 60 92 17 12 88 82 74 62 86 42 43 43 28 61 34 52 90 17 51 5 90 56 87 6 2 59 50 63 69 32 65 47 10 57 89 70 51 14 50 91 56 79 24 3 74 43 65 36 20 14 57 51 97 28 25 21 32
9 53 54 98 63 50 90 80 2 17 6 26 3 33 57 77 33 29 100 6 23 44 53 85 61 91 37 67 86 46 82 20 3 31 42 86 79 82 29 4 1 27 15 28 58 44 84 22 28 56 42 94 67 41 83 25 88 15 73 13 17 22 4 53 51 92 55 30 32 9 71 92 57 9 9 62 33 94 73 1 8 99 18 26 38 46 79 69 9 15 30 42 82 94 91 64 64 5 21 37
91 83 81 55 43 87 89 46 2 39 66 20 18 53 67 72 81 10 20 84 95 90 68 38 43 53 91 15 78 53 24 23 75 57 41 14 97 27 10 78 33 56 57 7 77 63 53 46 81 61 38 74 74 16 91 26 74 67 5 40 50 43 1 76 24 86 66 40 61 95 16 69 24 7 94 36 57 35 68 19 23 80 70 55 10 1 48 9 46 68 56 90 95 74 15 13 59 90 40 33
50 78 39 12 81 74 71 77 74 55 13 75 66 45 31 92 52 98 14 91 8 37 84 30 1 71 94 41 86 37 95 69 48 8 32 85 51 4 82 93 97 42 83 54 47 6 33 56 19 98 45 48 66 89 1 10 68 92 99 32 55 100 40 96 4 22 65 82 42 74 34 68 57 56 66 97 52 67 48 19 23 5 5 88 6 44 44 33 76 56 44 14 89 42 54 47 97 43 80 98
47 74 83 87 38 14 30 87 27 74 20 9 49 79 87 20 23 2 31 95 14 3 63 23 73 11 45 81 51 83 53 62 68 26 41 49 28 31 68 4 79 85 98 71 56 65 74 15 46 36 9 36 29 78 96 32 37 40 45 46 14 78 6 92 43 22 33 18 60 67 79 20 8 95 57 39 23 54 26 41 37 48 47 9 41 23 37 88 35 27 79 83 63 73 93 86 80 16 26 62
5 78 31 44 15 68 90 71 69 10 63 99 2 92 58 53 95 28 32 24 47 90 18 26 41 46 85 43 21 82 4 29 83 73 12 15 43 69 95 63 43 61 38 72 12 68 47 56 34 85 72 94 99 68 42 25 36 75 2 48 84 51 4 84 83 55 7 37 44 4 6 1 55 44 46 96 100 50 25 62 34 4 93 52 33 38 67 75 56 16 25 99 48 47 96 34 35 60 11 95
74 83 10 79 28 90 35 43 80 52 17 56 79 39 88 73 84 70 78 21 58 3 21 34 9 42 90 59 89 72 100 43 98 90 83 8 66 11 14 65 82 65 93 73 66 25 79 29 72 22 82 26 69 34 86 44 56 89 49 40 16 72 46 3 66 99 18 5 98 32 69 19 97 66 79 17 69 26 32 69 45 89 95 34 65 24 64 42 95 75 86 36 49 7 50 58 40 8 97 8
82 11 42 40 78 45 50 92 90 14 27 100 32 56 69 45 50 89 44 10 100 12 60 27 38 5 15 13 16 20 98 55 84 22 60 32 39 64 70 75 5 70 70 46 16 49 5 11 97 2 80 14 75 85 83 85 41 78 17 66 8 91 1 33 47 68 28 40 38 58 36 17 4 21 59 95 53 98 98 81 37 38 91 33 10 68 71 22 9 7 28 95 46 82 68 14 56 62 73 70
46 47 91 94 1 15 5 72 84 42 72 62 78 17 2 96 59 83 24 59 55 87 73 72 81 51 81 39 42 98 74 32 20 60 83 86 87 37 92 59 19 46 43 82 40 15 50 57 29 9 99 91 69 50 51 15 22 68 43 23 13 30 66 82 86 12 48 26 30 5 32 6 56 40 84 90 36 32 12 30 60 3 35 3 57 72 54 46 27 29 26 78 25 33 26 34 50 95 47 21
63 21 18 1 74 18 54 60 44 77 31 26 33 20 36 17 67 58 70 100 66 32 87 60 14 76 56 50 91 37 27 51 85 57 57 54 94 11 21 38 18 57 7 30 58 95 83 15 33 51 32 37 74 87 68 82 33 85 51 77 42 51 60 40 68 79 37 95 46 44 33 95 46 53 49 40 21 31 62 80 17 11 54 53 55 61 75 55 65 90 71 59 77 75 78 85 20 65 71 99
80 15 83 44 82 3 56 82 86 17 99 52 77 90 35 25 78 90 100 67 82 99 88 25 90 28 90 21 53 66 62 58 44 46 50 100 92 65 8 59 19 79 65 84 32 17 88 12 54 71 77 22 25 98 39 5 20 23 6 48 40 34 2 45 96 36 98 11 15 74 53 31 54 8 45 74 27 38 55 34 59 7 36 97 88 97 75 9 48 97 49 87 16 6 23 39 42 6 59 21